kDa	P1:1	P1:2	P1:3	P1:4	P1:5	P1:6	P1:7	P2:1	P2:2	P2:3	P2:4	P2:5	P2:6	P2:7
-29.8325	103.6547	74.2773	159.7265	95.3021	0	100.344	0	 	2.1665	9.6622	8.8628	0	3.5612	0
-29.6258	86.2309	74.908	142.1483	95.3837	93.981	103.821	0	 	2.6061	12.7006	9.6566	12.5353	10.5459	0
-29.419	86.2875	93.2621	130.9233	88.3752	88.1416	109.4768	112.9217	 	12.6809	4.6914	7.5908	9.0048	10.3514	10.1132
-29.2122	84.8413	85.9232	127.2164	86.9882	92.5795	98.2716	124.7809	 	10.0972	1.5731	9.0805	3.9744	11.8129	3.1863
-29.0055	74.8373	83.6853	123.7908	86.5243	101.4089	98.1849	118.8178	 	7.5151	5.1715	9.4698	13.1396	7.5366	5.7414
-28.7987	71.2452	96.3553	134.8055	92.16	102.1735	98.5404	117.3333	 	4.8634	6.9937	10.0757	19.9814	6.5955	5.0219
-28.5919	82.5635	102.1027	143.4171	97.7854	95.0082	108.3128	119.9476	 	7.9487	5.0315	11.9261	12.1417	4.2545	1.8828
-28.3851	88.0872	107.8785	162.4631	80.2317	90.4216	103.5663	121.88	 	4.3592	8.8736	10.7133	4.4691	5.478	1.5625
-28.1784	81.7236	107.8778	176.2044	94.6096	77.0791	106.7574	122.6376	 	1.8842	5.3491	6.5128	3.2952	5.5991	1.5625
-27.9716	80.2639	124.7784	148.2273	87.2087	83.566	101.1059	126.3305	 	4.8313	6.2749	5.9413	2.2559	6.9216	2.6459
-27.7648	71.808	127.579	111.6394	76.3089	90.6879	86.8846	127.3918	 	4.0012	6.5339	5.6775	5.2461	8.2424	7.4678
-27.5581	70.989	118.2105	109.1448	69.931	99.88	82.9323	118.7163	 	7.8754	3.4234	3.9736	6.1553	3.8018	6.7231
-27.3513	67.3258	98.6585	110.2325	70.5968	109.8251	81.3834	123.2662	 	7.6376	6.2662	2.2261	3.1571	2.6344	12.027
-27.1445	66.6141	87.4551	101.6899	76.4294	101.7829	84.3609	143.9671	 	8.9518	2.6999	3.2354	8.0861	2.1176	10.41
-26.9377	68.025	85.359	103.9641	81.7226	77.6411	98.3407	155.9787	 	8.0819	2.1925	2.8305	4.6184	1.5625	10.8052
-26.731	77.1564	75.017	96.23	83.9572	72.0568	101.2443	155.8207	 	1.5711	3.6802	1.6161	2.7167	1.6075	5.5584
-26.5242	76.8209	67.4026	92.476	91.9416	82.299	101.9046	136.6861	 	4.4444	2.2197	1.5632	6.1039	5.7989	10.4772
-26.3174	74.7339	66.0773	91.0468	95.5009	82.4066	110.7666	126.4303	 	8.3568	1.6151	3.0652	4.8862	5.9912	7.6778
-26.1107	82.2637	65.4477	94.5207	83.4389	80.85	110.2998	131.8873	 	5.8644	2.0857	6.1197	2.2665	3.0403	3.1523
-25.9039	76.0744	61.7749	91.5726	75.8669	88.012	101.3236	145.0889	 	1.6485	4.2501	5.4889	6.8387	1.9038	6.051
-25.6971	79.2571	63.3229	92.8631	71.6586	95.8007	100.4259	163.9207	 	2.3607	2.0426	3.2301	7.9204	1.5625	6.4147
-25.4904	78.9306	65.5099	108.5669	66.6332	96.8527	93.405	144.4277	 	4.3242	1.5706	2.809	3.5998	1.5625	6.6364
-25.2836	76.1091	75.2817	112.0033	70.9178	104.1291	85.5658	109.1262	 	5.5784	1.732	1.5716	2.7484	2.7391	7.4266
-25.0768	75.9885	73.0971	120.8414	68.3562	115.7977	95.0822	108.1283	 	5.9896	3.0256	1.5625	2.6122	7.7284	5.3183
-24.87	72.4091	77.1693	115.741	73.7422	111.809	100.7388	111.3085	 	3.0881	3.2176	1.9981	5.2418	7.9509	5.2263
-24.6633	69.8978	68.0055	109.5245	87.6358	99.7287	109.821	106.7412	 	1.6644	1.9122	5.3903	5.4901	4.6352	2.7517
-24.4565	67.1201	83.5165	119.139	77.038	94.2635	125.4438	114.1728	 	1.5625	1.5625	9.7232	7.2759	7.9242	3.6289
-24.2497	56.9526	66.1148	117.8617	77.8866	99.3531	118.6061	119.5922	 	1.7863	1.6658	7.951	9.1729	5.1899	4.7641
-24.043	54.2765	66.7512	129.6065	77.3928	102.3266	112.7912	118.5264	 	2.5594	3.211	5.0377	4.6907	6.1158	2.7716
-23.8362	62.0697	74.0924	141.5713	82.5871	101.7063	112.9823	124.7535	 	1.8353	4.6071	1.7138	7.2974	7.4286	6.0738
-23.6294	65.2455	67.6656	147.4247	103.5241	117.8287	108.4988	131.0682	 	3.0498	3.0378	1.5625	7.2151	3.7827	3.8094
-23.4226	64.879	72.6657	146.4993	115.0347	126.6583	93.4525	131.0941	 	6.4682	13.123	1.9226	5.3855	6.384	1.5625
-23.2159	63.9187	75.763	150.5223	120.0816	130.3813	94.5034	138.3131	 	2.5357	8.6574	3.8911	4.0473	2.0702	1.5625
-23.0091	62.9984	87.8853	153.9098	103.307	128.0959	94.5716	143.7578	 	1.5625	2.4055	5.6993	9.3985	3.232	1.5713
-22.8023	59.6528	92.004	160.7279	97.8698	116.3446	96.904	145.2877	 	1.6155	1.5766	3.159	8.7913	5.0393	2.2806
-22.5956	58.7174	77.9335	181.8291	93.1367	124.629	99.7936	150.4598	 	2.1357	2.513	6.2581	4.3303	3.1855	5.0715
-22.3888	61.1264	77.3628	198.8336	110.6376	125.4401	112.9483	142.8649	 	1.7417	2.2007	2.0928	5.0842	1.7607	3.7561
-22.182	64.7645	69.0369	214.4781	103.7573	146.3161	124.2909	135.1433	 	1.7516	1.5683	1.5625	1.7481	2.9812	3.0082
-21.9753	65.0011	72.5131	219.8711	112.1102	155.3385	141.4414	136.7297	 	4.9975	3.46	1.6138	2.4485	7.2022	3.2641
-21.7685	68.2555	75.1132	188.5945	113.9773	150.6569	171.6058	138.3869	 	3.0188	6.2339	1.8349	4.7457	6.322	2.0179
-21.5617	67.8757	80.2603	155.8639	115.9356	137.6428	180.2891	150.6782	 	1.6122	4.481	1.9724	3.9556	7.5029	1.5625
-21.3549	63.5105	83.9643	164.5763	117.764	116.1199	169.6475	166.4389	 	3.5322	1.5635	4.3438	3.5303	2.4549	6.819
-21.1482	62.5039	81.5941	193.3846	136.1851	105.4207	137.1109	168.7924	 	8.4632	1.5625	5.8128	3.3976	1.5625	10.7769
-20.9414	61.0894	76.726	200.6043	150.9031	125.3429	139.4338	156.5463	 	5.2816	1.6384	6.677	5.693	1.6513	9.6856
-20.7346	57.251	77.8252	195.09	157.4356	134.6588	155.2794	153.1727	 	1.5625	3.8457	5.2413	2.5116	2.641	7.7434
-20.5279	58.1669	84.1999	202.2036	161.8835	123.8391	164.7034	150.4508	 	1.5646	4.94	2.9446	3.5712	5.4954	4.0546
-20.3211	65.3989	86.8637	217.1027	162.5757	121.2655	164.8038	126.0159	 	3.4913	1.6211	1.7577	4.2186	6.194	3.4159
-20.1143	68.3904	93.3178	241.5395	137.5812	141.9717	167.1411	120.7791	 	3.4715	1.5625	1.582	8.9893	5.785	4.4356
-19.9075	66.9245	110.0943	245.1664	134.5131	150.3605	176.1134	126.9851	 	3.5457	1.5625	1.8222	6.3411	4.8462	4.4507
-19.7008	83.2421	124.0741	254.285	135.2567	151.9979	181.7304	129.9227	 	4.3858	1.9486	1.727	5.4943	6.3748	1.6468
-19.494	78.4597	130.9935	263.0536	139.5149	164.4112	174.6525	137.6967	 	2.0798	3.9423	2.9418	3.2095	3.0337	2.3529
-19.2872	73.0184	133.1406	243.771	157.874	184.6911	155.326	143.7644	 	1.5685	5.3996	3.5801	4.6076	1.5625	3.6311
-19.0805	71.9571	135.1819	218.5472	168.2121	164.7752	135.9154	137.5171	 	1.5625	1.8027	2.2098	3.2027	1.5625	3.3156
-18.8737	66.8114	147.7135	215.528	176.1262	132.7761	144.8436	117.4732	 	1.5625	1.5625	1.5625	2.2225	1.6631	2.7774
-18.6669	67.7136	145.8742	221.0044	172.9522	112.1551	151.3243	112.4994	 	1.9587	2.8895	1.6429	5.997	4.8309	3.5036
-18.4602	77.4194	136.9699	200.4193	147.3187	116.7041	134.892	108.9946	 	2.4805	6.4265	5.1539	4.7641	3.3042	7.9774
-18.2534	76.2279	150.0013	162.1975	127.1558	116.7722	133.0624	131.5016	 	1.6113	2.4828	6.1045	5.1804	1.5738	7.6813
-18.0466	89.9216	142.826	161.7066	107.416	119.2928	139.3384	131.9379	 	1.5625	3.2796	3.139	2.856	2.3969	5.7205
-17.8398	99.3487	118.825	179.4024	103.7211	117.4664	128.1602	124.8342	 	1.5625	2.5346	3.314	6.0153	2.133	4.5261
-17.6331	98.0503	96.671	185.0658	106.914	114.6224	119.4405	122.6027	 	1.5625	5.4701	2.8694	8.288	1.5759	2.7477
-17.4263	95.2387	104.4356	172.611	91.0979	116.1092	116.6811	127.7187	 	2.4344	2.4576	1.5626	4.6234	6.3502	2.3786
-17.2195	83.8808	102.3209	135.3956	71.6	125.0044	114.3552	123.4197	 	6.1964	3.5962	1.688	3.1027	11.0506	4.749
-17.0128	75.1992	101.1979	107.3855	63.122	104.8316	111.1736	116.0967	 	6.3035	5.4048	2.3129	4.8244	6.6677	6.2331
-16.806	69.3748	83.8782	91.4946	68.127	76.8673	106.0768	121.0578	 	2.22	2.9341	4.4292	6.8921	2.1296	2.6215
-16.5992	67.3877	70.6466	97.1952	72.6218	79.289	114.3775	121.4229	 	1.5625	7.1272	4.0828	3.7731	5.8541	4.0307
-16.3924	77.4942	72.9011	97.9964	73.8116	88.3735	124.1233	123.3684	 	1.7766	6.3772	5.0871	1.8791	6.5477	2.8418
-16.1857	74.531	64.4798	101.2407	81.5391	82.4207	119.2883	104.0381	 	3.5418	2.7683	6.5003	6.5821	2.0596	7.9723
-15.9789	82.6141	72.9788	99.433	91.8579	66.636	125.2419	109.2297	 	4.7457	4.5048	1.9895	4.9432	2.7351	11.85
-15.7721	80.8649	76.1933	112.7025	114.3446	63.4274	147.7507	111.0487	 	2.7584	6.1097	1.7377	2.2434	5.0736	6.6913
-15.5654	86.2172	74.8103	116.9198	116.7746	67.9933	157.3841	109.3013	 	7.3537	8.3923	6.1218	3.8128	7.3199	7.1098
-15.3586	83.0939	81.1518	125.8133	86.0614	79.7086	152.2615	112.6364	 	10.7651	3.8818	12.6903	6.7632	10.5214	11.1633
-15.1518	71.2926	82.7961	134.1085	66.998	90.6781	168.8974	119.1529	 	7.8285	1.965	10.0185	8.4727	11.125	3.7038
-14.9451	61.2784	86.1239	151.7043	61.877	86.6645	162.516	130.5694	 	3.1989	3.0015	8.9536	9.9129	8.0797	4.9367
-14.7383	68.7709	92.5054	153.4514	69.7298	75.6468	181.2946	133.1676	 	5.9342	2.2347	5.2483	12.1831	4.1266	3.9702
-14.5315	66.6393	95.8623	126.7696	64.2506	68.8832	203.8219	121.4772	 	6.1091	1.5763	2.8919	7.8505	3.8316	8.1475
-14.3247	61.4625	93.9395	107.0866	69.4256	67.8422	242.4245	130.495	 	2.8981	2.6408	6.2182	5.9642	3.9358	3.5043
-14.118	59.0727	90.2583	101.4815	65.7252	67.3277	274.8055	138.313	 	2.1641	5.7827	6.761	10.5874	10.2361	5.4459
-13.9112	52.7961	81.0216	99.4061	73.352	67.4307	305.8605	139.1636	 	3.9981	5.161	3.5642	6.8604	9.5827	3.3227
-13.7044	44.4411	73.6723	100.8101	68.0231	69.3523	300.5742	138.4047	 	4.9192	8.2018	1.7048	7.7997	9.0827	2.0355
-13.4977	45.4747	72.9814	104.1689	65.5778	71.2355	244.239	151.591	 	7.5934	13.5739	2.5786	9.8816	2.3481	5.1734
-13.2909	46.6427	82.0561	100.9738	75.1719	67.3643	250.7473	149.4193	 	7.4983	8.2741	6.5523	4.8289	2.1575	5.6568
-13.0841	49.3732	95.1006	99.3092	75.9975	66.3856	249.7236	142.9089	 	3.3251	8.5138	7.0743	9.1561	5.6588	8.4318
-12.8773	51.9494	92.3725	100.5034	67.7226	69.0483	236.8339	137.5433	 	2.3825	14.1081	6.4459	9.1355	9.6188	3.8603
-12.6706	50.8106	82.4501	99.5475	68.933	88.3215	203.1994	132.4319	 	6.6963	12.5573	2.1906	13.2596	4.2535	3.0346
-12.4638	57.3784	80.3364	101.2541	78.7861	86.7454	152.3487	137.3747	 	8.3793	11.8593	3.1809	7.2714	7.3573	3.5284
-12.257	56.2833	80.164	109.6884	75.0848	78.4605	102.6878	137.8964	 	3.9613	7.4377	11.7628	8.507	7.9633	3.7729
-12.0503	61.1846	90.4518	130.4822	81.3985	78.5834	85.7326	133.4755	 	6.2075	8.4523	6.765	9.6177	11.9907	6.1566
-11.8435	65.726	98.2766	129.2339	94.7862	71.6809	75.1602	135.6963	 	9.3795	10.4071	7.64	13.475	9.2727	5.8703
-11.6367	61.5296	93.2959	121.4386	105.4338	80.9179	78.6224	139.3577	 	6.8838	10.0143	5.6607	18.006	4.5762	10.8784
-11.43	68.8884	84.2231	121.6473	98.0672	89.1792	89.8249	160.4279	 	4.8911	4.9789	7.7605	15.5024	7.4699	9.7234
-11.2232	76.227	68.4963	111.9093	106.2679	108.2949	96.5775	192.3557	 	8.9677	4.9307	11.5581	18.973	8.4909	3.7893
-11.0164	77.4766	47.7797	103.134	104.9135	94.2034	88.9795	176.2298	 	4.9893	11.3249	14.31	9.8903	14.5464	7.1741
-10.8096	80.9824	47.258	109.8739	100.4605	87.015	84.695	145.118	 	3.637	7.7093	15.2876	15.1896	8.2322	10.8115
-10.6029	73.2577	45.1892	114.0666	79.6344	86.1852	78.7895	129.6971	 	3.9725	9.3535	9.4735	5.6604	10.0038	9.9195
-10.3961	70.7434	53.9101	118.9112	67.0905	77.6316	82.0914	121.3766	 	1.9628	5.0464	6.0919	2.9513	11.9579	9.1277
-10.1893	64.1751	52.9187	118.4898	54.626	79.7017	89.7712	115.9779	 	3.3444	4.8997	4.2416	6.2396	6.2257	11.9347
-9.9826	59.6314	51.4065	120.8687	63.7758	83.751	78.5616	125.5322	 	7.9073	1.9174	6.0095	9.5671	4.2472	9.671
-9.7758	59.8029	49.9249	118.8022	68.6216	90.3252	81.3816	141.151	 	4.255	1.5625	8.8978	13.9342	3.9563	4.8923
-9.569	59.8285	49.609	118.9053	66.1867	75.3864	90.2577	147.982	 	1.8827	1.5625	8.2376	12.2911	3.7758	6.5319
-9.3622	59.6536	59.7732	112.4735	62.1871	71.1718	89.8335	144.2877	 	1.5625	1.5625	8.9956	11.9207	4.362	5.9663
-9.1555	63.1778	59.0907	114.5735	75.2709	70.2344	90.6956	132.7759	 	1.5625	1.7653	5.4143	4.2903	2.8769	4.2807
-8.9487	69.201	58.0591	120.279	79.4348	75.1943	87.9518	125.3465	 	1.834	2.9224	2.0982	2.1588	1.5959	5.0248
-8.7419	75.8959	59.1692	121.965	76.9653	74.6423	101.0488	124.1888	 	4.6992	1.9193	6.3683	6.4682	1.5922	4.3325
-8.5352	82.3364	61.7168	119.4293	80.0842	74.7764	115.3961	136.8641	 	3.0646	2.4266	5.0069	4.4233	5.0867	3.9858
-8.3284	88.1088	60.1168	118.1009	74.0346	88.5167	125.03	154.4848	 	4.6834	4.9639	2.1946	2.437	6.5754	3.5205
-8.1216	100.1678	59.8703	108.4507	71.1317	89.4443	113.4449	158.8157	 	2.8969	8.9238	2.0959	8.3297	4.652	3.7933
-7.9149	85.3728	61.2314	111.6979	76.6272	91.1105	83.0391	168.5805	 	5.1859	4.264	1.5625	7.247	3.9028	6.1916
-7.7081	101.4083	66.141	113.2667	81.6198	95.1327	72.1083	170.7856	 	13.9453	9.7446	3.2641	4.4139	2.304	11.9806
-7.5013	107.5185	67.4363	113.4566	86.9261	94.424	67.5763	161.65	 	11.5014	7.8028	3.899	2.7266	5.8158	6.4494
-7.2945	107.0102	67.3807	118.3322	84.8333	92.1081	75.146	177.701	 	6.869	3.0129	2.1328	5.0621	10.8907	4.9677
-7.0878	97.332	69.6055	118.2568	79.7078	84.7501	75.0244	190.8563	 	6.8697	4.7716	6.1421	6.6736	6.2304	11.8512
-6.881	101.6003	63.4379	121.7371	73.88	88.5532	66.0696	197.6865	 	6.0438	13.598	10.206	6.9088	1.8085	12.0946
-6.6742	115.5354	65.224	120.1169	68.6497	95.1848	72.1161	161.9526	 	8.8216	6.9703	8.7803	4.9735	4.3274	8.3647
-6.4675	116.5246	69.734	120.1203	77.5811	92.5259	68.4672	147.6954	 	14.8463	1.6726	10.2659	8.0963	6.9781	13.6803
-6.2607	108.9129	66.8553	127.916	78.048	95.217	66.4882	157.8255	 	10.3918	8.2439	7.3805	9.8924	1.8008	12.0115
-6.0539	106.4701	66.8342	132.4455	79.4234	98.2284	68.5328	161.6982	 	3.1597	5.9298	7.1963	6.988	1.5625	2.7177
-5.8471	105.3354	69.0488	133.6103	93.1828	104.8351	70.1132	173.2792	 	3.4155	1.5775	8.2647	3.6587	1.7507	2.0841
-5.6404	105.6467	67.0279	142.1788	101.3574	120.557	81.692	191.5982	 	2.3362	5.4009	2.7886	3.6893	2.129	3.1422
-5.4336	102.6344	59.3605	137.4874	101.5859	123.6055	86.6241	187.985	 	1.5733	4.8609	2.8029	3.884	1.6083	1.7009
-5.2268	96.8134	55.8566	122.5367	107.3749	106.9823	82.4637	194.5025	 	2.683	2.7687	4.663	2.8257	3.1514	1.8132
-5.0201	94.5758	56.9036	120.4066	114.098	100.8008	88.1905	202.3629	 	3.7678	4.2813	3.6578	6.6534	7.6994	2.546
-4.8133	93.2456	60.0532	123.6389	116.8895	107.9791	100.0024	169.654	 	2.7447	4.1652	8.7281	11.6702	2.2724	2.4532
-4.6065	95.1038	64.5882	125.9889	122.3742	104.2851	98.9632	165.8867	 	4.2133	2.7331	7.0483	14.5232	2.6738	5.0327
-4.3998	96.5784	66.8479	129.8499	127.9327	94.6592	94.0415	168.3812	 	1.7145	1.5703	3.4015	18.6175	7.144	2.3267
-4.193	90.7805	66.2167	136.4667	145.8696	85.8033	92.3359	170.8766	 	1.5625	1.5625	1.7391	22.1985	3.4339	5.2969
-3.9862	87.5109	65.345	146.033	154.921	75.1318	100.9382	172.6113	 	1.5625	2.7743	1.6974	22.1291	7.5637	13.7203
-3.7794	94.2383	74.7911	156.2965	164.3065	72.8937	107.9761	160.723	 	1.5625	5.025	1.5794	13.0138	3.1298	3.5353
-3.5727	98.3864	83.2515	179.2183	172.9764	86.6628	87.3497	160.0151	 	1.9964	5.5703	2.2127	7.0622	4.5746	1.5625
-3.3659	106.769	90.5785	186.4412	172.3352	110.2927	85.8911	179.125	 	4.5172	10.118	5.5378	12.2213	3.8633	1.775
-3.1591	109.7341	95.512	161.8863	156.7748	128.4138	95.7861	168.4307	 	7.0051	16.7543	5.4347	12.7322	2.3627	3.0972
-2.9524	104.2973	102.896	164.5063	150.1099	111.6684	96.6338	167.0839	 	3.8533	9.7344	3.7467	11.9219	5.9594	1.9802
-2.7456	99.0562	126.6998	172.6132	136.9121	109.0305	86.801	166.6226	 	7.7193	5.2986	2.9627	12.811	7.5535	2.2796
-2.5388	87.5219	140.6421	187.7919	115.1608	115.7928	84.8576	175.8255	 	8.427	1.7988	10.8876	15.5604	3.2426	2.385
-2.332	92.0539	128.6076	211.7619	102.7296	118.059	87.5881	199.2047	 	4.9447	2.3358	12.5892	15.056	3.6979	8.5562
-2.1253	83.9872	107.7143	214.206	111.9511	106.504	89.9348	182.6107	 	2.1032	4.3222	4.053	13.5866	2.443	9.4798
-1.9185	84.1634	114.0718	213.3601	124.9543	109.3331	101.5202	168.0266	 	1.5625	2.2114	4.1758	12.5082	3.5457	3.6133
-1.7117	99.1626	110.8135	183.2195	142.0538	117.7808	110.7925	159.2522	 	1.5625	4.8103	9.6894	7.8983	11.5547	4.7356
-1.505	114.1569	101.1576	174.2862	149.1294	119.9706	106.73	162.5077	 	1.601	11.2418	6.3801	10.6491	6.0118	4.0277
-1.2982	118.5797	108.3015	168.253	134.9326	108.0693	101.874	158.9781	 	2.5942	10.2354	2.4913	6.4762	1.7062	3.0284
-1.0914	111.942	92.8643	147.0609	125.1305	100.0173	113.286	159.4843	 	9.1792	2.7837	3.1931	11.0081	8.6925	2.0538
-0.8847	112.7308	87.6147	138.6177	128.1426	101.3	129.3866	172.7226	 	5.1844	1.5625	8.031	10.093	8.7635	4.2071
-0.6779	114.7106	101.8118	144.5809	136.9655	108.9371	124.7081	197.333	 	8.0053	1.5625	9.043	12.0498	3.469	6.2357
-0.4711	109.5375	117.6512	146.5349	129.0857	123.2026	122.1572	187.5495	 	11.3428	2.646	7.1426	12.14	1.9391	4.6331
-0.2643	110.0223	120.3742	144.3854	149.87	130.2522	118.6716	176.5445	 	8.317	12.0498	5.335	10.5021	1.8669	3.9247
-0.0576	97.3199	104.9093	136.2265	149.6343	114.3879	103.7524	182.8394	 	5.4586	15.5616	4.117	9.4988	6.0143	4.6061
0.1492	92.6729	99.7027	138.9697	141.9625	116.4499	99.4591	198.968	 	7.7518	15.3136	6.4076	13.852	7.8359	7.3759
0.356	106.0819	90.7304	148.3387	142.5682	111.0631	102.4372	214.267	 	6.9646	5.2204	10.3445	17.8042	9.3802	4.3089
0.5627	94.3103	81.0056	162.4482	156.8205	113.0832	103.0907	217.5766	 	8.0477	6.2894	9.8224	16.7969	10.0183	6.192
0.7695	91.8711	84.8383	180.0992	179.4097	122.2288	104.8905	202.7757	 	8.41	5.2434	8.7643	13.1214	7.0171	13.2293
0.9763	88.8585	83.338	169.2868	214.7547	119.7661	105.8354	176.1385	 	2.7493	8.7735	10.1496	13.011	5.6382	11.1119
1.1831	90.7893	82.5816	157.1614	215.798	109.4198	108.1974	154.736	 	1.571	4.6615	7.6698	11.9049	3.2551	5.5723
1.3898	97.6716	90.6863	161.2845	187.1057	103.4864	105.8816	155.3963	 	1.5625	8.6218	4.5673	13.8634	5.484	4.3232
1.5966	99.8841	97.8157	162.6707	147.3604	104.39	100.3899	180.3826	 	2.2502	11.011	6.8614	12.4515	5.0398	2.9504
1.8034	98.1594	104.5083	169.1913	112.418	107.0035	99.7016	221.4466	 	5.6015	13.2704	6.4448	9.4962	6.3004	1.5625
2.0101	97.7198	117.4732	186.1222	116.6846	103.2162	97.8105	262.0064	 	8.5821	12.9826	2.5381	9.1244	6.4871	1.5625
2.2169	94.2458	125.8944	187.2772	127.1672	93.4637	101.2729	244.5504	 	6.192	8.9477	2.9292	16.7151	2.8933	5.7665
2.4237	93.0265	134.6299	180.6205	131.583	92.7309	113.1605	184.7439	 	6.7914	8.2602	5.7409	14.0594	5.9358	6.16
2.6304	97.2295	115.4235	186.191	134.918	102.1508	110.2548	151.6251	 	4.9899	7.2646	8.6054	7.3343	6.769	3.2518
2.8372	93.9618	99.175	206.5982	137.2821	114.073	116.8882	154.4223	 	3.1792	5.7137	7.5389	6.7711	4.2116	7.2415
3.044	89.4489	109.0443	212.7135	143.7824	130.4702	118.4317	167.4393	 	8.2649	10.6289	4.6148	8.8488	3.1187	6.4388
3.2508	99.6326	112.9999	198.5745	154.2368	135.4394	114.2546	168.2511	 	9.4454	11.907	7.2027	7.0188	9.0085	2.0076
3.4575	104.831	105.4213	190.5018	162.127	147.1723	101.5257	171.0511	 	3.4707	7.8671	9.6631	7.0708	13.8631	3.4984
3.6643	94.9544	106.356	198.2844	144.9655	154.2792	111.1175	173.443	 	7.861	7.0082	9.1371	16.582	9.8523	5.0551
3.8711	90.9229	106.513	206.9135	145.2518	147.5463	122.9356	182.8718	 	10.7824	7.5198	8.1392	14.9664	6.5762	9.8156
4.0778	98.9513	103.9909	194.99	135.7197	133.1627	120.7836	175.4361	 	8.673	8.3894	8.9802	9.7453	7.1139	13.7415
4.2846	95.9486	98.0547	176.6931	128.1926	129.9393	135.7653	169.4261	 	5.6015	7.1909	13.1296	13.2017	12.3916	7.5821
4.4914	96.0962	95.4418	162.6525	141.1791	141.4033	151.6488	173.097	 	8.4136	13.2649	9.2573	19.1594	14.1866	13.6784
4.6982	89.3369	110.7741	162.7109	157.2582	136.8963	148.9621	169.1224	 	5.357	14.5187	6.9913	14.1355	9.8161	8.7947
4.9049	83.4037	132.9509	173.366	140.5667	118.0185	155.2104	191.7407	 	3.8528	6.3526	12.0797	7.5353	11.473	11.3244
5.1117	85.3768	124.5886	174.7017	125.5886	113.7759	166.7879	187.4554	 	5.9942	8.1888	10.0663	16.783	10.2308	12.6595
5.3185	88.4404	131.6397	180.0193	115.4299	130.197	171.7648	198.771	 	3.2621	10.976	11.534	21.3572	8.3972	4.0866
5.5252	102.5226	150.8893	195.2156	116.7004	141.1484	195.3021	215.025	 	7.7007	11.6124	9.3187	20.4965	4.1862	5.6421
5.732	109.1027	140.5595	203.1327	132.3142	131.2001	196.2909	225.2864	 	8.4794	11.3429	14.6098	19.48	9.3416	9.3132
5.9388	110.4007	135.3742	179.3591	136.3087	122.4291	172.0256	203.2553	 	7.2563	9.1972	6.8122	12.2936	6.8059	10.6431
6.1455	112.1152	141.0389	186.3311	127.2128	114.847	143.0145	162.8849	 	5.7804	9.0993	7.9014	17.3344	9.1381	13.9419
6.3523	111.5545	147.3314	178.8007	106.0255	121.7673	153.7777	170.8011	 	11.626	5.6977	8.1893	19.7338	7.8825	14.2388
6.5591	116.9277	141.4732	170.3149	90.8774	142.6659	150.9448	168.8253	 	8.2172	7.3456	9.2663	23.2997	7.3195	9.1805
6.7659	125.8593	148.9133	152.9803	90.262	152.923	150.6472	176.4048	 	2.5233	4.3015	10.6142	21.5411	8.728	4.6288
6.9726	133.8753	154.7082	156.9654	97.2909	138.283	154.6863	190.6687	 	5.6243	5.7385	9.6825	16.1625	8.6371	10.1793
7.1794	156.8764	161.4017	165.4557	105.587	125.3013	151.5204	178.4013	 	4.9631	8.9101	6.2657	14.6081	9.1594	6.7532
7.3862	177.731	168.2175	177.0629	110.9525	125.5275	154.7478	157.9171	 	3.5834	4.4034	6.3157	17.0195	8.7474	5.426
7.5929	212.4519	153.9905	177.6996	128.4247	134.5424	161.8894	164.7195	 	6.5419	2.5764	11.4096	21.9404	5.7444	3.0034
7.7997	239.8501	156.0183	183.0375	142.9057	145.4033	159.8347	166.229	 	8.5124	3.688	12.9137	17.7548	6.999	7.2301
8.0065	295.4952	192.5318	181.5078	125.3537	150.0145	173.2761	167.8148	 	6.5178	2.5477	5.8986	17.9298	9.1456	6.0641
8.2132	387.1699	218.8743	168.7394	144.187	162.2772	181.8814	164.9051	 	1.7982	3.6489	8.2123	21.7757	8.3634	8.2938
8.42	495.4665	220.5131	159.8113	148.8015	179.6917	172.4779	178.4775	 	4.0376	13.5601	4.6839	21.4803	9.2918	4.9234
8.6268	649.7452	220.3186	144.5863	145.6492	194.5219	162.0377	172.7436	 	10.2899	6.281	5.305	24.5056	7.8362	6.8363
8.8336	825.9186	232.4598	140.503	136.8365	220.2192	159.6377	166.9839	 	11.6817	5.8186	4.265	29.7142	4.8118	3.5664
9.0403	1081.0303	217.4248	143.9705	139.8624	227.4848	156.7598	167.4303	 	5.7377	7.7666	9.4074	26.0379	6.0866	4.1805
9.2471	1383.0869	189.3006	149.689	143.0997	206.6027	149.2355	170.9802	 	3.7979	10.5062	8.2225	22.8403	8.7271	4.5866
9.4539	1770.1924	172.2118	154.7297	156.3093	183.3827	134.1834	188.4594	 	5.0156	5.4402	3.082	18.2333	6.8909	6.9967
9.6606	2238.7145	161.5379	159.2463	141.2906	156.996	121.5917	202.1806	 	6.4569	6.9775	1.563	21.7298	4.276	10.2765
9.8674	2821.6053	137.7949	152.7289	119.0399	140.4717	127.3708	222.1691	 	7.4964	4.3219	1.6517	23.0055	8.9754	3.9602
10.0742	3512.7146	119.1146	142.7622	110.1228	133.9827	128.483	253	 	9.3977	1.6081	6.482	22.0509	12.7752	3.1717
10.281	4255.3888	119.0381	146.577	109.9089	127.6848	121.5605	244.8861	 	6.2285	5.1033	8.9591	24.4403	9.8976	6.0752
10.4877	5117.5561	107.6886	148.263	116.8086	131.0733	104.0942	228.5342	 	5.0428	4.5231	8.6429	30.622	5.1848	8.5589
10.6945	6112.7204	109.7595	162.0212	124.739	163.1997	113.1853	210.7583	 	5.5551	4.7149	6.0603	30.7375	5.7548	8.5633
10.9013	7063.304	118.2559	176.0306	134.5128	153.9415	136.1902	232.5294	 	3.2481	3.8853	3.0823	28.5346	10.4918	3.5621
11.108	8000.0397	135.7403	173.7838	148.4633	157.2099	146.2957	251.2359	 	4.3903	2.3891	5.9757	28.6908	2.0066	1.5625
11.3148	8871.0913	135.7477	158.4647	169.1226	161.5912	147.1856	269.2504	 	6.4823	3.0687	6.0813	26.6	1.5625	1.7274
11.5216	9616.3572	127.8422	155.9092	181.8008	148.5767	142.5151	269.3434	 	2.8025	7.445	2.4771	36.3081	2.5545	6.7517
11.7283	10186.7684	134.903	156.318	164.146	149.5879	141.6537	214.3581	 	3.5583	7.8608	2.046	37.0362	6.0691	4.2615
11.9351	10289.5181	132.4405	145.5553	131.5058	144.7296	139.4608	183.0942	 	5.8813	5.5077	4.3624	25.2189	6.4981	3.3206
12.1419	10134.055	138.8333	150.8854	118.9486	139.8377	169.0738	194.0088	 	5.8468	14.6975	6.5116	30.1064	4.0674	2.5981
12.3487	9746.9372	140.0383	147.0265	123.5156	143.7329	164.6666	194.3291	 	2.7648	15.4913	2.3156	32.8285	10.9915	2.9151
12.5554	9179.4728	150.7914	148.9641	117.8683	156.2182	162.6915	200.3109	 	3.2646	9.3568	4.2577	40.3674	9.2087	5.3113
12.7622	8396.7279	151.8578	162.1816	121.9411	182.1511	168.8293	217.3454	 	7.607	10.0213	6.7926	45.8916	12.079	5.8002
12.969	7515.0703	155.3629	171.1773	134.6682	203.5375	182.8738	197.476	 	9.5518	8.1814	7.8047	39.6565	8.5516	4.1695
13.1757	6559.0578	159.1816	184.5276	131.3521	194.3289	185.9464	176.4241	 	12.9282	14.8122	7.7202	32.1472	12.2728	10.478
13.3825	5595.0186	161.2458	177.92	126.5049	186.003	190.7915	181.804	 	17.4653	5.7147	13.2029	32.5917	15.4446	11.2897
13.5893	4752.6335	191.8247	187.396	123.7642	187.8592	201.5433	190.9698	 	15.1114	2.1996	15.5014	42.7104	5.664	5.7922
13.7961	4037.5767	226.3406	199.7021	155.7653	184.9226	235.2652	213.3205	 	11.9154	4.0356	14.3787	49.166	14.8759	3.1832
14.0028	3395.5805	224.9116	200.7538	175.1243	177.6085	229.0678	243.5046	 	8.9963	7.1754	10.8392	46.2978	11.351	3.7106
14.2096	2832.4213	208.8717	195.3739	164.8149	181.07	188.9694	254.9579	 	4.5515	9.3078	9.2105	47.0115	8.2548	3.937
14.4164	2326.5668	208.0048	194.944	157.9576	190.8695	170.8014	238.7488	 	8.9279	10.537	5.6412	45.0739	11.6347	1.5668
14.6231	1870.9515	203.3417	202.2272	143.4362	168.6811	170.4422	217.074	 	13.9563	11.3925	3.5038	38.8479	7.2471	1.7962
14.8299	1544.5738	189.6395	230.8139	132.2567	144.0048	183.6799	214.1317	 	10.5351	7.0847	8.0549	42.8801	3.0468	4.4752
15.0367	1256.6226	177.2151	242.4134	125.869	153.7961	200.8862	211.1043	 	9.1411	11.5999	10.4842	41.0804	9.6926	6.032
15.2434	1015.7836	164.7549	256.432	125.3886	149.8819	230.9805	197.3035	 	7.2664	15.1418	15.204	39.2025	8.6491	4.7467
15.4502	841.3005	166.8967	232.1471	131.9634	129.4097	251.5854	184.4729	 	5.3049	16.1614	14.6858	50.0346	8.7724	7.3594
15.657	704.0174	166.8341	219.6137	133.7395	122.2078	227.7293	194.6922	 	7.4757	14.9585	12.6156	45.3919	11.9552	7.2479
15.8638	597.8012	173.5497	212.185	129.7195	125.9662	211.3288	222.7355	 	9.0173	16.2944	12.314	42.2152	8.0568	4.5219
16.0705	524.3897	163.8355	207.1197	114.1999	136.397	211.2822	232.6243	 	8.233	21.4347	8.1493	42.8986	5.9768	2.6535
16.2773	455.0229	155.888	201.1491	106.0219	155.1578	214.9989	253.9307	 	13.6674	15.6842	8.1487	41.1752	7.0032	5.1551
16.4841	409.4061	146.1448	215.3138	92.6771	166.4059	247.1948	269.0525	 	11.0335	14.7934	7.3664	41.2471	12.2727	11.246
16.6908	375.3766	150.0994	240.6035	98.0527	154.4396	244.9165	274.179	 	8.8382	17.833	11.1018	47.1438	10.6942	8.8265
16.8976	348.6889	153.3355	224.1256	101.748	157.6139	248.3455	280.6939	 	16.0875	6.2297	12.6906	51.6177	8.0347	8.1562
17.1044	324.2077	154.9882	223.8426	114.1346	183.7891	248.7359	267.8929	 	15.4294	5.9895	13.4938	48.8083	13.1243	3.6226
17.3112	311.1798	168.2508	219.9773	125.4578	192.8859	225.0035	222.3516	 	13.7134	9.6072	13.1769	57.1899	13.0954	5.6489
17.5179	301.0469	167.6277	220.9934	122.0137	175.6634	227.2074	210.4557	 	9.844	14.1985	6.9003	57.4172	9.142	1.8369
17.7247	283.2376	191.1229	215.5123	116.0248	159.2036	231.1501	211.782	 	10.8699	12.6509	9.8048	53.5799	9.781	2.1575
17.9315	265.7217	183.2881	206.9632	113.6123	152.1733	191.8283	222.125	 	6.1794	14.3549	11.1928	60.1888	11.0516	4.9696
18.1382	244.0327	188.8184	215.7562	114.0021	125.9438	159.0403	193.1631	 	17.0088	10.2422	10.0462	55.3302	11.3067	6.7894
18.345	220.8441	235.2498	223.7561	111.7929	134.537	158.8142	176.2909	 	13.6401	5.3364	9.2477	60.4389	14.0067	2.0599
18.5518	212.1966	221.8759	253.7294	122.325	131.8323	155.9856	178.1705	 	9.2819	3.5448	9.917	68.3834	17.0506	4.209
18.7585	191.9867	198.9487	271.5807	135.5771	131.0418	166.8299	189.5733	 	15.3293	5.7039	9.2267	71.3748	13.0864	13.7704
18.9653	175.8234	167.366	268.4784	127.6525	152.8015	163.498	203.5054	 	12.7776	7.3514	10.98	71.1254	9.8224	9.5191
19.1721	150.7544	143.003	267.0124	123.2591	154.9041	163.4794	195.6437	 	8.0975	4.1571	15.9721	70.7482	8.2719	14.6285
19.3789	145.8208	140.7211	255.5324	133.4076	142.6921	170.4266	187.0214	 	11.9339	7.8807	10.3118	81.3767	5.3068	9.1609
19.5856	146.854	138.5921	246.0236	143.8434	154.8125	196.9332	197.0564	 	11.9815	18.7539	9.5744	80.7581	9.292	2.5667
19.7924	145.227	137.6888	242.8747	156.6572	174.0444	217.0334	206.5464	 	17.2635	21.8944	9.0755	91.407	11.4037	2.843
19.9992	130.8506	135.5722	230.9557	160.519	181.9648	216.6963	203.9726	 	17.3376	15.9817	9.5198	84.9001	22.6989	8.6098
20.2059	139.1957	149.4205	234.1073	160.2377	180.5891	240.1513	210.3352	 	22.8129	10.5204	12.0392	91.1165	16.4247	12.6152
20.4127	139.3895	159.5972	248.5353	171.9803	175.8815	258.7186	219.9122	 	17.6819	11.993	8.0278	93.5881	11.1824	6.3153
20.6195	136.7475	151.0389	257.8728	175.972	168.9829	292.18	230.4411	 	16.0647	12.5182	6.4535	101.5662	9.1459	4.3003
20.8263	131.7503	157.9601	283.8696	168.6809	167.3598	322.8734	286.2075	 	20.6848	8.7476	4.6751	92.7854	8.5836	5.6028
21.033	121.2419	166.5549	293.0565	161.3001	170.3805	294.8881	292.975	 	21.5776	12.8709	12.5412	105.1034	6.7474	9.4225
21.2398	112.6344	165.6015	291.1228	160.246	194.6677	242.5884	317.0828	 	17.3119	16.4401	13.791	105.1363	5.3765	9.3704
21.4466	108.8019	157.9906	297.7235	176.3958	208.7612	222.9	341.4454	 	14.887	20.6719	8.2103	116.725	10.1246	4.4054
21.6533	113.2211	145.6319	301.161	193.5283	216.9333	236.6425	391.1772	 	20.0242	18.8408	11.8572	116.6084	10.6561	4.7819
21.8601	123.8014	147.9174	338.6671	206.1506	247.0349	243.263	379.3407	 	22.6477	20.1242	15.7268	126.9176	14.1096	6.3358
22.0669	123.6434	147.4648	392.381	210.0332	250.6482	280.5032	356.6848	 	25.1813	12.7585	20.002	133.6797	10.8957	13.6876
22.2736	114.0494	144.3658	405.7904	192.8939	249.7307	311.513	344.9693	 	28.2642	22.8643	16.6179	140.3314	11.9635	13.0581
22.4804	121.3561	153.6312	393.0876	181.963	248.8086	313.6107	354.0581	 	27.6977	17.7064	20.889	152.5731	12.2887	4.8473
22.6872	135.8632	149.2861	328.6646	201.8242	255.5705	337.1975	364.8102	 	37.0112	20.9556	23.5778	149.2229	19.5198	8.9106
22.894	132.4193	142.9208	341.8367	213.1842	277.5708	351.502	342.9591	 	40.4887	23.0129	21.4595	153.825	24.1705	9.6534
23.1007	125.5791	151.0229	338.1602	210.9553	317.3561	331.6481	322.5585	 	44.459	21.1483	22.4522	160.7271	21.8823	10.2684
23.3075	129.2488	168.8613	339.3892	224.4219	332.4367	342.0776	294.7257	 	44.8727	25.5454	25.5556	171.1282	20.1215	11.4789
23.5143	122.5063	175.053	378.7203	253.8511	332.0095	369.0076	281.6913	 	47.2908	20.5544	16.8715	178.2525	14.346	5.4482
23.721	127.1158	177.0159	427.1658	278.4384	349.2042	394.5765	287.4403	 	41.6844	29.1399	16.0668	178.5595	17.9726	1.8341
23.9278	135.1939	202.2404	451.5226	250.5053	351.0729	395.9077	301.8281	 	57.6483	29.2184	22.8309	195.4789	21.1418	6.0436
24.1346	134.558	219.5078	424.326	248.1226	340.8237	362.2886	331.1769	 	52.9207	28.519	24.1828	203.9554	20.1331	4.3505
24.3414	131.2567	230.1839	420.1228	271.4671	336.4967	399.2539	376.2006	 	63.9059	28.6463	24.2435	203.5288	23.3168	2.3124
24.5481	139.5012	239.1568	455.4937	307.8982	335.3183	413.3976	377.2542	 	61.5337	32.8932	27.641	217.0906	25.4671	2.1163
24.7549	147.3278	247.723	517.9246	351.7886	326.1098	379.1672	340.0258	 	59.8012	28.1797	25.5375	224.506	25.1973	6.6549
24.9617	157.5866	243.3989	553.4233	312.1643	298.6667	361.5497	320.7431	 	67.551	32.1494	32.3747	229.1195	31.0824	6.6156
25.1684	159.5742	244.6879	554.8687	290.4436	288.2315	371.7921	346.455	 	82.7041	38.0133	31.2795	233.8019	26.6183	4.9033
25.3752	166.4448	242.6893	535.4361	310.5229	291.7609	376.8961	382.1346	 	75.047	38.7283	30.4638	230.7302	27.7962	8.6346
25.582	167.6985	244.7689	565.7125	330.0989	297.8973	366.7232	390.2663	 	69.9531	35.8705	32.61	230.4177	31.0624	8.4245
25.7887	158.9158	259.3308	594.3494	327.897	304.7862	356.2528	369.4363	 	68.7491	37.5778	36.0786	236.9454	25.7992	5.2572
25.9955	163.2731	258.963	555.5022	326.5195	293.9414	373.4358	365.1621	 	68.471	40.9546	31.2212	238.9645	25.6325	3.4783
26.2023	173.5443	267.2838	488.9888	336.9115	294.3685	432.7589	398.4563	 	77.129	40.3568	31.8386	231.3613	30.4402	6.2
26.4091	184.3581	300.6658	497.1744	387.9244	282.0404	456.0098	401.053	 	76.8884	40.6847	41.6188	243.8576	31.4368	10.7556
26.6158	190.7459	316.9907	487.1445	405.2214	307.4291	397.3951	386.5323	 	74.6538	44.2129	42.311	238.2936	30.3957	12.5591
26.8226	213.9062	309.4561	437.1944	348.3346	312.5464	362.1956	416.5245	 	77.5533	41.9526	33.3811	235.734	27.293	12.4481
27.0294	223.756	306.9879	412.3608	296.633	270.7914	354.4145	432.964	 	75.6949	39.6205	32.7853	249.438	26.8437	6.0504
27.2361	232.4248	313.9043	409.9459	268.1378	251.2336	321.7199	395.36	 	73.7854	32.9867	37.3892	249.2279	32.7624	9.6018
27.4429	227.7432	319.1054	406.3658	270.4291	232.5139	316.3757	370.0711	 	70.6678	28.4437	39.9909	239.1106	30.2585	17.3573
27.6497	217.3265	301.8987	413.8143	261.497	249.1876	282.819	412.2025	 	68.3665	30.724	31.1845	235.4042	28.5292	8.7029
27.8565	223.5923	291.3771	427.1036	233.7638	246.6255	258.7229	457.4915	 	66.8492	35.4298	34.5459	233.774	28.7568	3.5505
28.0632	210.1264	291.1926	432.0704	229.1304	228.8741	260.6096	430.8699	 	68.9342	40.0073	31.4189	237.3156	26.2849	5.7555
28.27	214.4455	281.6232	444.5742	240.6204	251.1228	271.8135	410.1593	 	68.5644	42.6229	24.4598	240.784	30.971	2.8438
28.4768	218.4439	267.7774	454.7788	254.4371	254.3824	262.9812	429.6597	 	68.4027	48.3714	34.0768	232.6138	31.016	3.2769
28.6835	223.3676	259.6632	464.0248	255.4205	225.6928	276.8601	399.2104	 	73.5838	47.7236	36.5649	236.3898	30.023	8.0783
28.8903	236.8535	272.3479	469.7519	261.8532	238.8806	293.2284	369.6966	 	71.347	41.7966	40.3722	249.1283	30.938	11.0518
29.0971	260.7767	293.9515	437.6682	274.1586	255.0324	302.4271	359.4727	 	72.0681	46.1667	41.5444	251.4949	24.6492	7.8975
29.3038	258.2234	295.9386	414.0144	267.1916	293.3964	312.7199	357.4181	 	78.2607	49.6421	37.8201	254.3444	29.7113	15.7921
29.5106	262.1118	284.7958	382.3795	259.6087	322.6886	338.0754	372.2989	 	79.9397	52.0364	43.6425	256.0844	24.2165	11.6003
29.7174	307.641	300.1034	393.0957	264.8863	309.4467	321.5171	399.0708	 	79.7151	50.1349	44.7619	253.9738	26.5431	7.3831
29.9242	339.6071	307.5201	386.5397	293.754	289.2823	322.9656	471.0472	 	81.1474	42.9611	42.1046	248.1785	31.3279	8.5839
30.1309	351.4324	327.4015	402.1032	321.0796	276.0532	345.8876	496.6932	 	77.7474	48.1427	40.9959	249.3413	29.9772	6.827
30.3377	372.0103	329.7744	414.4343	277.5299	297.6366	336.1309	476.6382	 	79.305	48.3791	45.0647	251.527	31.1777	10.5399
30.5445	398.3663	313.4743	444.3402	216.6965	311.1678	359.7242	450.9284	 	85.816	46.6602	48.6032	254.1712	31.5253	9.7844
30.7512	425.0183	290.8067	498.391	203.3479	302.2236	365.0984	415.5132	 	78.1392	48.7781	46.3037	252.2563	26.0073	7.1496
30.958	427.9569	277.895	479.5896	215.1551	289.7233	355.3018	398.7114	 	71.1049	57.6102	38.6422	258.5397	26.3354	5.4262
31.1648	431.7107	298.3528	443.7836	246.9647	297.6369	366.3283	423.6866	 	85.6542	54.671	43.588	257.9782	26.0061	7.9794
31.3716	439.5833	294.589	449.6821	266.5151	307.1831	354.5607	422.7271	 	84.8343	56.4784	45.3756	254.0354	38.3953	3.6484
31.5783	430.9791	295.8768	426.0228	291.4456	310.291	359.4787	440.8703	 	87.8869	63.1375	46.3506	274.3018	33.516	5.366
31.7851	445.5829	286.4893	447.9783	279.7268	311.1867	380.8114	440.4973	 	86.517	57.9117	44.2293	279.577	31.2632	9.2336
31.9919	410.7184	281.469	480.1647	275.7133	320.0194	432.0302	422.0484	 	94.2955	62.7538	56.2336	290.7559	30.8707	9.7537
32.1986	381.4076	291.6135	480.26	275.3511	310.8025	422.308	421.5189	 	89.9798	65.0334	41.6328	296.7577	32.3714	7.1256
32.4054	367.7819	295.0671	488.8436	278.7976	278.8672	441.0462	441.5636	 	99.5325	66.1918	49.9989	298.3384	36.3834	4.0758
32.6122	368.1556	301.3579	529.607	307.3824	276.4965	511.6611	452.3357	 	102.6073	61.0115	58.62	314.5983	41.8883	7.9412
32.8189	357.5538	311.2464	500.3969	351.0633	300.3825	559.4731	481.2	 	111.8055	65.1092	65.6239	327.2918	44.9487	7.2316
33.0257	355.5306	317.8759	484.4588	329.901	324.9614	493.6694	450.0969	 	115.9207	70.7908	57.944	339.4954	40.1432	3.9501
33.2325	364.8485	316.1691	492.3953	295.7903	335.4503	436.4997	465.4703	 	122.1353	75.3831	60.4298	350.327	42.9829	2.172
33.4393	379.394	291.2806	533.3443	279.4707	329.2474	408.2797	472.6516	 	127.8043	79.5496	58.9482	365.0759	43.8509	5.0921
33.646	397.5305	272.8865	560.7676	275.5965	331.3236	438.8554	418.9053	 	132.5128	74.8474	54.1993	375.0266	46.4771	10.2564
33.8528	416.3475	263.3937	537.6591	281.6764	336.0013	483.1381	385.0778	 	130.7038	75.2332	66.8002	379.5952	56.0782	12.0704
34.0596	450.9784	261.1639	571.5688	302.9127	322.6069	478.2939	395.2233	 	134.427	84.568	67.7619	391.1456	56.2178	8.8725
34.2663	471.9317	258.8996	598.8916	281.5375	314.4137	463.6387	422.9651	 	134.3034	87.9694	72.3553	400.7184	52.9906	8.8288
34.4731	508.4497	266.7727	615.1988	266.8398	319.1184	453.3763	419.7635	 	137.6189	93.9504	77.3343	401.6687	57.6395	10.3056
34.6799	553.9207	283.4446	592.5847	270.6417	332.2519	460.2199	425.2221	 	145.5616	96.4636	79.7028	410.1465	57.43	9.0689
34.8867	592.1285	306.9743	559.4141	315.7346	343.486	518.197	446.8882	 	151.0895	102.1242	79.3753	427.4806	59.4028	5.3951
35.0934	628.1259	314.2822	600.9619	334.0811	352.2698	516.0428	452.2969	 	159.6511	110.467	84.5556	443.5805	63.0849	5.844
35.3002	678.3327	294.6981	660.6924	277.9005	398.28	448.3331	425.6689	 	167.7557	111.3027	84.7145	467.1324	58.5317	8.3105
35.507	687.0833	303.1738	663.8623	263.3226	427.9284	430.3558	416.9191	 	170.8965	106.0619	91.1648	484.58	63.6959	9.1548
35.7137	721.7663	346.8066	666.7106	250.667	424.219	412.3358	397.0424	 	178.044	102.791	96.1679	503.1982	72.2281	12.4636
35.9205	734.0445	354.0464	661.1992	233.8664	404.0344	399.2426	371.2137	 	182.4937	110.9743	93.5048	511.3492	68.5166	8.709
36.1273	758.1531	328.9525	653.9149	237.3857	356.6278	379.599	359.9951	 	180.673	120.192	98.3902	512.0172	66.4603	14.6124
36.334	791.2001	326.8191	684.4125	263.4055	350.2272	383.43	366.8409	 	189.3836	120.9877	99.6127	520.4835	73.9764	9.9132
36.5408	844.4761	324.491	676.3297	288.5664	354.3816	427.1202	380.104	 	189.4955	118.99	106.9805	539.7179	70.5423	6.3929
36.7476	914.255	332.8175	625.8171	323.0516	337.3098	466.8508	403.2633	 	198.4021	123.4691	105.6766	568.8489	69.5189	5.4557
36.9544	1043.1068	350.843	602.6033	350.9122	312.9351	486.957	441.9273	 	205.4289	134.1673	112.5232	574.562	68.498	1.5625
37.1611	1228.7938	342.6386	603.1283	356.7457	354.5078	468.6517	551.7133	 	197.3367	128.6055	108.0602	556.7418	72.0911	1.5626
37.3679	1474.2683	324.1906	616.1698	343.6838	368.8121	503.1174	625.0714	 	206.5876	128.3709	116.4253	559.5045	84.3012	6.649
37.5747	1808.8634	376.3014	653.5932	337.8852	374.3986	538.8039	582.7598	 	215.742	137.0952	126.2307	600.6321	87.1276	11.924
37.7814	2251.7998	412.1039	681.434	360.4847	359.2775	505.7889	524.4863	 	223.8486	144.6764	131.1278	636.0758	90.933	9.253
37.9882	2839.068	407.2878	709.1505	407.906	360.1345	531.4407	494.0608	 	237.2508	160.098	137.5061	659.4077	97.2401	7.5891
38.195	3472.9377	362.3263	777.1139	419.1805	391.05	513.3817	500.7678	 	243.4471	171.508	145.4661	713.7578	100.1715	6.9051
38.4018	4227.7659	366.1866	841.8519	413.7008	420.2415	535.1681	524.6169	 	261.2534	189.5569	155.3449	739.1459	104.7536	4.0046
38.6085	5155.7329	378.3476	860.124	450.1459	425.0832	564.7081	568.084	 	280.3125	192.9016	164.786	773.0812	116.2549	6.5913
38.8153	6168.8879	380.2248	876.9926	490.9828	427.7592	624.1564	587.8836	 	291.9771	196.7198	174.5018	814.1514	122.314	10.9543
39.0221	7168.9461	408.4203	842.4752	493.1264	465.8637	600.4124	561.7084	 	309.4808	206.6546	188.7413	827.9928	122.9096	11.5486
39.2288	8227.7334	416.1651	814.6476	465.936	528.1898	632.2849	554.0046	 	320.5594	201.382	203.169	867.9636	118.2343	6.9703
39.4356	9066.2258	435.3859	885.339	429.2587	524.2616	682.1126	507.1002	 	326.5687	206.829	205.4578	847.8639	132.5884	8.0133
39.6424	9688.5955	498.6487	960.1145	401.4516	494.3993	710.8813	499.157	 	346.0335	216.5075	207.329	870.2267	143.2932	12.5949
39.851	10239.1355	556.7996	879.9558	428.1983	464.7024	800.83	537.7062	 	350.6743	211.504	201.2224	893.5394	147.8511	10.4408
40.1012	10325.5521	603.4735	826.6322	461.1943	438.2602	853.3783	534.4437	 	367.5932	212.2678	205.5018	910.272	142.3857	9.6558
40.4003	10079.4818	626.0631	858.6041	500.8448	429.2824	857.4429	534.3879	 	372.5043	229.4128	223.1945	937.3092	143.0035	15.0448
40.7154	9638.306	575.4447	903.8437	533.7256	440.7066	813.5465	567.5228	 	390.0907	228.8974	235.8054	978.656	148.9905	11.5092
41.0305	8872.9176	563.515	949.6745	538.9819	511.288	777.3795	607.5797	 	423.0898	246.4193	238.2786	997.058	151.2373	4.9877
41.3456	7885.2754	575.2618	938.6295	546.7495	588.2277	792.4095	635.9059	 	442.0479	257.7383	245.2241	1039.177	169.9217	5.1076
41.6608	6841.4564	594.2144	917.4182	579.5751	570.2935	802.8087	667.1279	 	449.4075	257.0434	251.3054	1092.8968	171.9625	6.7973
41.9759	5747.9303	586.6265	904.9539	592.4083	542.3942	814.7295	709.5327	 	459.7646	266.1089	262.0854	1117.5868	181.8953	5.2425
42.291	4671.8034	578.5964	892.1337	566.2879	565.3412	812.8314	782.1991	 	480.3384	268.5298	269.6083	1146.0971	196.5994	4.2968
42.6061	3743.9188	587.0623	895.3941	593.2695	635.3186	794.8056	918.9109	 	497.4519	265.9679	287.7944	1123.9535	205.1063	13.3824
42.9212	2972.3874	604.2651	955.9293	622.0218	662.0532	809.5702	943.3074	 	499.3787	271.5098	291.6015	1111.0342	200.3363	17.8994
43.2363	2311.8211	613.0511	1053.8706	587.515	648.9355	839.1984	1041.057	 	489.6474	269.3174	286.8873	1100.7525	192.7114	20.0705
43.5514	1759.3665	593.1472	1075.9981	575.3776	690.5012	877.6494	1175.2967	 	479.528	266.15	279.5147	1080.9625	192.4854	9.683
43.8665	1370.3195	580.8781	1097.0263	582.84	747.3815	897.639	1270.0401	 	471.1626	259.388	279.5356	1079.2805	190.7164	11.911
44.1816	1082.9735	606.0914	1066.8229	609.0373	739.6043	839.6611	1106.7674	 	459.7241	248.5954	274.82	1080.3842	182.913	11.626
44.4967	858.6297	656.0391	1080.3974	605.2287	746.2374	800.0842	995.2937	 	455.0053	255.508	284.198	1113.9043	183.754	10.911
44.8118	708.5797	671.0077	1110.8349	516.7854	747.9038	867.9459	969.246	 	451.0831	261.2757	275.1526	1138.1131	190.3226	14.2578
45.1269	625.7767	644.1749	1124.0696	479.6763	801.8086	954.4857	958.5395	 	451.5979	268.0504	284.6331	1131.8481	188.3527	8.7196
45.442	550.7116	649.6524	1172.516	481.1762	861.2217	981.2789	1015.3261	 	462.1009	280.3249	297.0315	1148.9378	185.7227	8.9162
45.7572	490.833	667.4757	1190.5987	492.479	825.6437	961.3058	985.6486	 	466.2516	279.3913	306.4951	1153.6283	186.3591	8.448
46.0723	459.5977	696.7626	1140.0772	511.998	794.106	940.1704	891.278	 	469.2895	274.8186	309.7221	1167.588	194.3469	13.6988
46.3874	447.0844	665.5778	1115.5443	512.833	853.6958	971.4945	909.9778	 	475.5307	274.5929	319.1804	1207.4786	204.3173	11.0397
46.7025	443.3402	659.5298	1158.2424	566.3963	870.2072	1045.9467	879.8045	 	496.4913	277.4314	321.3865	1220.4459	197.523	8.1423
47.0176	444.4425	670.709	1201.1159	595.0447	828.0783	1086.1071	908.8409	 	500.9934	285.8039	329.9323	1242.386	201.142	9.3288
47.3327	450.6102	722.3768	1206.8343	608.443	867.8549	1111.6925	975.4	 	511.9894	297.4607	330.9124	1266.3986	214.6258	4.4814
47.6478	449.6419	793.0199	1209.7241	637.9033	876.9033	1211.6825	974.9835	 	520.8703	313.4858	341.1976	1267.3963	213.4677	14.7502
47.9629	439.4463	834.4061	1306.994	674.5829	899.7593	1264.6114	927.2799	 	526.3732	320.6827	348.9896	1275.1267	213.5668	12.6965
48.278	441.3164	912.5885	1504.5325	693.9406	949.5227	1229.5639	944.0405	 	551.5236	322.7265	352.0767	1295.2183	226.6085	13.7543
48.5931	448.3446	942.7365	1592.6518	746.3978	947.1297	1169.2971	972.6185	 	563.43	325.5172	359.1599	1291.8241	230.9159	8.8527
48.9082	443.8376	925.7114	1632.9142	793.4046	964.6366	1198.1679	1015.2795	 	564.7507	317.9506	349.7933	1298.6161	232.3817	8.9846
49.2233	452.5003	919.5237	1738.3284	804.5683	1015.1077	1268.3732	1069.8059	 	583.1725	320.018	359.7218	1319.0813	223.0014	11.3542
49.5384	459.0758	870.8431	1758.2856	806.8814	1022.9394	1430.9725	1188.6152	 	598.5711	328.5748	383.4414	1322.9091	225.4184	10.221
49.8536	468.3619	863.8182	1751.0551	830.4854	1024.9611	1536.1774	1329.4534	 	596.236	337.9088	378.6872	1347.8639	230.997	9.0647
50.1687	460.8237	921.8458	1697.4069	844.8163	1054.3284	1565.744	1440.3138	 	591.0967	338.1296	372.2059	1366.5512	230.8971	10.866
50.4838	454.5519	970.3924	1664.6939	881.3836	1038.5874	1669.549	1424.0241	 	589.9794	345.5653	385.4636	1380.0728	228.1847	8.9222
50.7989	454.5912	1000.096	1723.0596	890.8877	1097.3619	1700.6174	1336.8435	 	599.4745	344.2788	391.3657	1384.9505	236.3324	6.6425
51.114	463.8063	1062.284	1825.977	884.9031	1238.1406	1566.5178	1322.2505	 	612.4903	341.8678	401.095	1408.1911	242.9093	3.4275
51.4291	473.1742	1121.2923	1855.5476	898.5832	1299.3178	1523.0582	1341.0176	 	609.4936	358.7992	410.1291	1444.3394	254.4604	11.0583
51.7442	484.7719	1137.3185	1817.7947	916.2505	1303.6115	1547.1947	1357.3967	 	613.1074	374.6149	415.1228	1444.4672	260.7534	7.656
52.0593	511.0613	1181.6237	1800.4639	985.9957	1373.886	1597.3396	1409.0386	 	622.9504	370.3736	427.1717	1433.0938	268.7262	10.4182
52.3744	532.2715	1288.0255	1868.1122	1037.5416	1453.2486	1622.2741	1402.1494	 	628.7936	365.0191	416.4749	1476.1713	266.6804	12.4929
52.6895	558.6625	1341.8424	1954.0435	1033.5667	1600.441	1646.4323	1481.5146	 	645.4886	376.8136	402.553	1489.2221	273.9117	15.3887
53.0046	573.4586	1337.184	2054.3565	1083.8213	1645.2331	1614.9587	1530.3062	 	653.0304	369.6256	410.3607	1493.116	277.9528	17.3906
53.3197	545.5563	1366.8459	2068.322	1197.724	1706.8352	1567.6654	1475.5292	 	668.9594	387.345	418.9915	1522.1255	277.7131	11.4975
53.6348	516.1234	1414.7441	1994.7975	1271.6342	1733.0746	1522.8692	1507.4559	 	699.3999	389.4839	438.8866	1545.1322	272.4284	7.8361
53.95	512.7441	1460.7381	1919.5092	1248.5232	1580.6179	1480.654	1551.4401	 	718.3255	407.1137	445.6192	1569.2674	279.4528	7.6008
54.2651	495.6292	1480.9537	1865.4763	1312.9635	1436.5515	1579.5445	1562.1616	 	736.825	431.4583	453.2897	1617.069	295.1449	12.0286
54.5802	473.6015	1441.2552	1787.6118	1183.8487	1440.2625	1648.5837	1655.3905	 	762.6322	429.8658	487.1025	1656.6717	306.4128	15.0891
54.8953	454.1612	1433.1497	1745.3551	1049.0707	1418.3332	1720.3798	1709.5419	 	792.1966	433.1276	496.6101	1699.8083	299.9807	11.0065
55.2104	445.6166	1424.1789	1723.6457	1059.8595	1333.5013	1707.9003	1613.5679	 	813.0222	440.3621	497.1941	1730.3715	309.5184	5.5183
55.5255	449.6829	1373.7488	1752.263	1057.7526	1325.0251	1712.5837	1505.8337	 	834.2558	452.3138	519.8283	1743.2671	315.4392	2.7169
55.8406	449.6474	1405.5541	1625.1093	1000.7445	1316.2405	1571.4713	1430.0646	 	833.9858	438.1032	518.9127	1738.6203	319.6714	5.3014
56.1557	470.7274	1324.7053	1440.9596	916.2444	1220.5387	1531.8855	1336.7807	 	819.7902	406.8888	528.4467	1745.164	311.6139	5.7907
56.4708	494.5154	1171.2304	1393.1199	963.4913	1138.8784	1586.0556	1245.1558	 	813.0429	405.3527	516.7511	1716.7141	317.2805	3.2019
56.7859	501.6909	1086.3866	1410.6842	967.0516	1177.5053	1545.7277	1201.1012	 	786.4547	399.415	503.9214	1661.9976	318.8024	5.3626
57.101	517.7313	1015.634	1427.5362	837.8469	1220.989	1401.8789	1153.3673	 	757.1812	402.0092	473.9127	1614.3485	308.5397	11.1936
57.4161	533.9172	955.0098	1420.0184	752.7137	1203.5967	1309.4656	1118.1846	 	745.0364	395.9171	464.2129	1566.3721	288.4258	8.8553
57.7312	569.2293	969.9892	1389.1658	744.5537	1084.0205	1257.562	1138.6486	 	730.3814	374.9407	447.955	1519.1302	277.0236	6.8119
58.0464	592.1976	1018.8614	1373.6323	738.1386	1046.1855	1271.7	1149.5979	 	717.8958	372.5978	443.2796	1474.4481	279.4152	6.7898
58.3615	620.7302	967.8876	1386.4875	808.7166	1034.553	1294.9313	1204.0387	 	699.8883	371.3446	426.6677	1447.69	274.7526	12.3195
58.6766	643.186	920.6116	1438.7327	926.4963	1023.9057	1255.72	1318.5293	 	685.7932	367.666	438.2794	1474.8142	272.731	12.236
58.9917	651.6596	955.8522	1472.1003	873.2385	1150.8779	1238.0669	1352.4961	 	677.8639	371.1761	445.9147	1467.1041	272.4891	13.4042
59.3068	664.224	925.2939	1482.6941	841.8917	1201.8447	1257.0939	1519.2256	 	681.2607	377.8528	434.1891	1435.5937	262.0555	12.9198
59.6219	695.6559	908.7421	1532.4461	837.9794	1140.1367	1305.0079	1502.9715	 	672.9472	385.2341	438.6108	1429.5379	265.5944	13.3701
59.937	738.96	897.9109	1554.3176	819.6718	1071.4559	1292.1179	1463.3141	 	675.3356	383.8115	445.8221	1436.1853	271.1391	17.3912
60.2521	774.8694	908.5747	1582.1546	820.3304	1043.3085	1252.2337	1528.2957	 	655.9456	385.2903	438.1298	1431.832	264.9781	13.9202
60.5672	807.0043	911.7396	1717.4002	843.153	1067.4414	1271.5377	1550.2748	 	634.9486	389.7617	449.6451	1422.1793	287.0822	16.7956
60.8823	842.9846	960.0896	1835.0974	923.1072	1164.507	1313.5909	1459.5134	 	640.7444	397.4349	457.7378	1415.6508	304.2155	19.9739
61.1974	896.1539	957.2125	1853.2884	951.9471	1274.6726	1298.4445	1421.8938	 	639.7971	415.5738	458.7241	1403.395	303.0304	26.9908
61.5125	949.3815	946.2095	1890.9145	945.9819	1262.7125	1312.0255	1437.6276	 	634.9538	438.5462	481.0542	1395.516	307.7624	29.6796
61.8276	1041.7744	949.6127	1936.2049	1001.2386	1226.3942	1411.4327	1326.6358	 	641.3263	454.8968	469.7636	1398.9529	325.7171	41.2835
62.1428	1119.6466	1009.1889	1974.2244	1025.9597	1302.1355	1480.6656	1330.8139	 	635.9032	470.7514	479.7344	1419.2276	347.8831	52.1503
62.4579	1233.5976	1089.0312	2110.3307	1043.8654	1396.38	1593.7172	1343.7891	 	665.0077	493.8139	488.0794	1461.2428	353.9571	60.3193
62.773	1408.781	1177.0777	2101.3585	1067.4524	1406.4654	1647.9211	1409.6035	 	683.9127	534.6971	517.6812	1491.1565	376.8734	77.7757
63.0881	1604.2129	1262.8733	2075.5035	1096.6268	1404.3294	1718.4905	1552.1233	 	692.5541	570.713	547.0412	1522.8984	411.8004	86.3069
63.4032	1852.9236	1356.9904	2028.4957	1157.0829	1522.3363	1763.1904	1607.8892	 	726.4756	620.7348	572.6941	1580.4456	438.6371	109.5016
63.7183	2267.0708	1443.9468	2051.6472	1182.6995	1718.2503	1720.4913	1634.0339	 	775.9731	652.3646	607.6443	1622.6165	460.875	144.6709
64.0334	2791.3454	1544.9835	2142.3133	1189.2376	1784.5569	1765.4482	1643.5049	 	812.4833	703.2736	625.3585	1684.712	515.8398	184.8798
64.3485	3454.4975	1692.9327	2109.8585	1210.7121	1744.4254	1910.1409	1680.8937	 	849.8696	728.8797	649.7041	1730.6153	542.2113	209.4062
64.6636	4221.9807	1767.4009	2112.2508	1210.9455	1791.4648	1948.3994	1672.7259	 	902.5622	768.2177	683.9182	1800.0833	583.3016	247.9076
64.9787	5102.4892	1696.9252	2118.2018	1199.6992	1783.1135	1882.6314	1601.6865	 	940.1323	777.1301	713.4343	1841.8467	601.7568	273.9603
65.2938	6055.3628	1639.5241	2212.0364	1180.7669	1724.6234	1847.1344	1656.796	 	984.5663	813.3039	731.5549	1885.3067	631.0736	293.1387
65.6089	6813.0813	1693.2962	2302.5098	1145.29	1878.1839	1873.2928	1778.219	 	1053.7934	831.2688	745.9661	1899.8633	656.1443	317.3699
66.0276	7172.5348	1759.5706	2357.7964	1177.3623	2020.4114	1874.1451	1860.8944	 	1112.3207	835.8698	769.6007	1905.4229	670.8093	349.5846
66.7417	7127.1853	1754.7488	2543.8073	1233.3997	1996.5268	1935.6762	1887.9191	 	1151.7432	851.0686	796.4985	1929.1553	690.2285	363.045
67.7003	6612.0664	1686.8459	2770.1991	1242.0181	1913.8322	1940.7424	1783.9526	 	1172.4198	865.3381	812.0943	1953.1639	735.7703	366.7045
68.667	5741.9401	1663.1679	2831.7799	1292.7719	1939.2887	2046.1187	1682.0108	 	1188.6953	854.7958	810.6421	1971.0556	725.3433	369.1304
69.6337	4704.6014	1634.6136	2871.2403	1365.6906	1896.5366	2135.515	1674.1797	 	1203.4992	834.4117	802.6891	1953.5535	712.4468	377.4296
70.6004	3787.0568	1631.5724	2914.2909	1448.8622	1887.5054	2221.5759	1792.5598	 	1211.1236	820.0041	800.5522	1915.5659	710.3872	375.4985
71.5671	3018.6767	1639.3479	3003.0179	1523.0453	1940.401	2390.4307	1855.0381	 	1207.3889	810.8134	814.3798	1901.009	718.3588	371.5444
72.5338	2413.0514	1652.9198	3173.1978	1562.1272	1872.1006	2515.2844	1964.1407	 	1198.9951	797.4074	806.5366	1898.7425	695.8193	364.3041
73.5004	1983.5959	1705.1586	3412.6163	1591.0095	1808.721	2590.4673	2154.4186	 	1170.8383	754.9367	785.3252	1868.6669	674.2133	342.0161
74.4671	1660.8254	1845.7177	3712.4872	1611.4987	1906.9703	2763.8442	2236.9704	 	1122.6493	728.3342	745.7864	1828.4295	651.2421	308.5535
75.4338	1433.0098	2015.2008	4067.7217	1744.1243	2153.2206	2869.2358	2300.9036	 	1100.7039	693.1051	735.9944	1774.9598	631.633	280.8361
76.4005	1240.4719	2147.4288	4281.5194	1914.1588	2323.6495	2964.2701	2350.9586	 	1053.3416	649.519	697.7952	1727.4216	595.102	251.8978
77.3672	1104.2024	2163.1921	4480.4123	2031.3889	2394.4268	3173.9377	2421.959	 	994.2826	622.7677	668.0613	1687.2857	559.3111	217.141
78.3339	1014.662	2374.8234	4730.7865	2153.2489	2453.3871	3579.7165	2556.136	 	955.7546	590.8107	625.3987	1656.4188	536.8463	186.7492
79.3005	960.6366	2693.5275	5147.3265	2275.5087	2548.0888	4024.7839	2761.771	 	894.5112	550.5538	588.6871	1596.9308	504.4045	155.1843
80.2672	921.5393	2896.2579	5580.1989	2423.913	2684.0453	4318.6696	2931.2512	 	857.7361	525.8614	569.8522	1531.4523	469.2191	118.9404
81.2339	914.0698	3062.1415	5902.3307	2387.4475	2774.4925	4664.0136	3251.3532	 	804.997	501.7292	537.1867	1485.3601	435.7389	84.8529
82.2006	921.5541	3341.7917	6386.753	2536.28	2979.0111	5210.6093	3567.5624	 	781.398	465.3709	525.5115	1463.1335	399.2026	57.6226
83.1673	915.0754	3662.6953	7089.9844	2740.9479	3016.3379	5534.8351	3537.2056	 	751.769	436.6008	477.7912	1429.6248	360.5398	42.861
84.1339	921.703	4117.125	7603.6192	2653.6917	3128.3024	5655.7957	3473.0856	 	715.8176	416.6155	450.5919	1411.1113	338.5454	30.8664
85.1006	928.5689	4483.4662	7823.6122	2699.892	3361.1472	5901.9938	3563.1953	 	709.2646	403.4861	451.09	1394.832	334.0069	23.5518
86.0673	920.7923	4692.9811	7891.8283	2640.7984	3603.3221	6055.4988	3623.8035	 	676.222	399.8032	447.5601	1364.4875	318.4925	19.1309
87.034	901.1926	4880.6902	7712.424	2686.795	3529.1366	6207.6211	3601.5248	 	668.8828	396.4267	428.8894	1362.1203	307.3483	13.9101
88.0007	900.337	5204.7568	7608.5749	2818.6566	3507.9823	6364.3562	3629.0403	 	668.0711	388.7923	430.5612	1359.3652	300.0852	17.9533
88.9674	884.8466	5514.0478	7698.392	2822.734	3540.0067	6391.0403	3734.1138	 	671.4284	373.5497	430.6796	1344.776	287.1755	23.273
89.934	881.1947	5598.1284	7679.0975	2808.8897	3495.43	6483.9341	3744.1742	 	675.0383	387.3506	424.7745	1355.5908	290.0465	25.7343
90.9007	887.804	5605.188	7657.2509	2798.9859	3575.7716	6406.5704	3743.877	 	669.5533	394.7915	421.8317	1365.0957	289.4891	24.1455
91.8674	893.0397	5806.7456	7720.8917	2884.9128	3715.0497	6507.6601	3625.8191	 	667.4515	392.322	419.2415	1358.4152	289.1193	26.3289
92.8341	869.3886	5999.709	7804.4858	2746.0817	3821.7879	6437.5903	3449.1265	 	656.0326	412.2828	431.781	1368.1036	298.2385	16.8106
93.8008	857.365	6055.7056	7421.0466	2655.1375	3877.2186	6179.1051	3497.8237	 	652.1474	424.7313	431.1353	1379.3767	307.8104	16.968
94.7675	841.6107	5946.4978	6922.2967	2761.3045	3744.3203	6169.2826	3438.373	 	663.2972	443.5868	439.2322	1379.1152	313.1383	36.5354
95.7341	834.7744	5612.5837	6586.4749	2686.0038	3539.9861	6052.2686	3342.4097	 	662.1292	473.5445	442.9102	1371.6871	329.7013	45.7554
96.7008	855.6643	5397.1614	6520.374	2570.7261	3459.5508	5775.5295	3296.794	 	671.876	516.3564	451.1857	1391.937	355.9892	62.2702
97.6675	890.7276	5065.1527	6339.5652	2581.3225	3373.3315	5785.0304	3239.7574	 	685.6681	533.8051	475.5129	1445.845	399.0447	78.6428
98.6342	939.3777	4809.6999	6133.2308	2517.5146	3233.032	5744.8221	3107.5141	 	701.319	574.6618	491.9307	1467.1457	431.4486	109.6963
99.6009	1000.5992	4760.4396	6014.049	2367.6841	3123.8408	5351.9823	3016.1359	 	720.7949	649.1466	512.4266	1485.163	458.1195	138.7608
100.5676	1091.8609	4577.1404	5751.4294	2182.7707	3039.8682	4917.4813	2773.0188	 	744.6751	699.8873	538.3214	1527.8291	504.3246	177.375
101.5342	1220.1563	4258.1865	5250.7976	2077.4941	2902.6021	4683.8299	2674.7922	 	774.8751	746.3527	567.1797	1559.8782	569.6404	234.6876
102.5009	1368.5933	3979.8127	5043.7566	1950.2041	2668.4305	4239.2051	2693.9218	 	819.747	828.5578	617.7021	1630.2787	627.5555	282.2031
103.4676	1593.7557	3657.0791	4674.246	1867.3902	2604.1446	4015.5258	2802.0926	 	864.7721	900.389	666.174	1711.8492	686.2627	351.24
104.4343	1929.1051	3404.0378	4348.1838	1855.5666	2587.0441	3802.8858	2737.007	 	923.3692	960.5043	720.1931	1767.9782	743.3215	424.588
105.401	2333.6192	3084.3977	4054.7909	1877.6581	2494.4607	3658.5368	2679.8087	 	988.2612	1018.4392	773.8472	1821.8925	806.511	489.8853
106.3676	2818.2903	2716.7047	3792.4634	1781.8205	2240.6109	3428.8703	2360.027	 	1061.4315	1071.9792	830.9979	1928.7177	891.2816	566.1696
107.3343	3595.6291	2530.0269	3725.2248	1630.9904	2026.4624	3199.7849	2133.1987	 	1137.8125	1132.8591	898.8459	2014.6054	967.1495	624.8434
108.301	4531.2115	2429.1258	3460.0516	1502.5306	1879.1284	2937.39	2137.2765	 	1204.201	1202.7965	944.6107	2112.9749	1040.407	687.2971
109.2677	5782.4917	2397.1031	3066.9482	1368.2309	1755.1904	2680.1927	2057.3422	 	1255.6424	1263.3143	991.0663	2186.6716	1098.0625	769.4268
110.2344	7244.426	2298.3763	2729.2514	1313.174	1739.4567	2460.3287	1848.8137	 	1347.8576	1323.2277	1045.8173	2260.1051	1162.0661	826.5976
111.2011	8673.3921	2042.7041	2413.3769	1301.8599	1738.1898	2301.2121	1669.5368	 	1425.4068	1378.9779	1094.5996	2318.3572	1251.4935	878.8445
112.1677	9800.3061	1865.8351	2166.2614	1304.6127	1676.2769	2183.3541	1617.8868	 	1502.5765	1432.8196	1156.1192	2396.4598	1281.6459	911.0898
113.1344	10444.1975	1718.0776	1995.2805	1285.4577	1542.8291	2101.771	1606.6498	 	1582.8532	1479.0249	1196.2318	2463.5764	1347.2241	954.0879
114.1011	10602.0736	1635.3081	1918.0797	1247.9911	1542.9524	1963.7403	1660.7901	 	1640.8737	1508.8701	1231.0147	2542.7496	1400.314	999.9391
115.0683	10453.1336	1585.3147	1870.7859	1201.3468	1488.2976	1888.421	1485.278	 	1692.0635	1503.928	1258.0681	2595.1815	1427.4928	1018.2227
116.1364	10071.2966	1507.7852	1769.8918	1184.104	1403.4535	1889.6921	1503.433	 	1736.444	1499.3333	1279.2496	2614.5048	1427.4999	1005.025
117.3763	9597.7936	1463.7188	1740.8002	1131.6812	1484.9455	1836.8266	1582.3594	 	1741.9008	1486.5356	1310.3896	2622.5413	1438.4319	1015.172
118.7053	9089.3643	1482.8808	1821.6358	1174.9409	1411.1399	1777.3675	1578.3596	 	1761.3084	1455.0086	1316.9344	2666.8493	1443.0731	1000.6257
120.0342	8546.7635	1488.9907	1971.3035	1185.3247	1423.281	1817.6783	1620.3208	 	1777.8861	1458.3363	1301.9822	2630.0384	1433.2555	978.9057
121.3632	7972.9225	1415.0776	2029.869	1100.0336	1446.8872	1903.9784	1621.6842	 	1795.6382	1444.8141	1302.8793	2618.7759	1422.9832	946.9141
122.6922	7273.3255	1345.1237	1932.6754	1113.7971	1402.4216	1896.6475	1594.9589	 	1779.6908	1389.7573	1275.8905	2579.8883	1400.8234	904.8014
124.0211	6539.8262	1368.5818	1839.0517	1150.856	1456.1897	1835.5973	1542.2884	 	1736.353	1340.5285	1256.154	2511.2365	1347.8018	869.6779
125.3501	5816.9842	1404.7683	1835.462	1077.3656	1533.329	1851.52	1552.7987	 	1689.3997	1290.6905	1205.9202	2476.5934	1276.006	827.8428
126.679	5127.5684	1470.7616	1910.6397	1038.8746	1552.1004	1870.4657	1489.543	 	1645.573	1221.714	1186.1282	2424.4935	1218.5117	759.0001
128.008	4447.4269	1497.0827	1956.3588	1026.4245	1625.1186	1875.7076	1449.9967	 	1584.7185	1145.8994	1155.6326	2352.6834	1163.9352	679.004
129.3369	3895.3673	1415.5032	1922.411	990.7941	1551.779	1861.3281	1454.9277	 	1510.7633	1105.2391	1089.3019	2276.0753	1103.6435	613.3718
130.6659	3410.6914	1389.646	1888.6788	960.5889	1498.8767	1845.0914	1482.6646	 	1463.328	1059.1629	1041.1147	2210.7363	1039.1662	551.9332
131.9948	2977.4059	1435.3451	1808.3632	971.2372	1514.7245	1901.8953	1498.1432	 	1396.8873	1001.9425	1001.9472	2142.0952	964.153	496.9793
133.3238	2632.3579	1471.9351	1774.1893	1024.1478	1541.4859	1882.1041	1460.0518	 	1307.7082	951.5669	949.8699	2068.6117	911.9042	444.2728
134.6527	2344.0791	1472.5356	1804.8929	1122.6841	1548.3054	1977.2113	1452.1697	 	1252.0279	888.7409	899.724	1988.3723	850.0332	362.0596
135.9817	2136.5001	1438.4805	1882.6	1203.7965	1519.0693	2045.1257	1513.42	 	1177.5683	823.2078	842.4219	1931.4352	779.922	301.1591
137.3106	1989.9853	1390.4988	1998.3139	1175.8557	1501.4755	2010.3046	1658.3013	 	1106.4865	773.7777	792.3458	1864.658	721.0781	253.3916
138.6396	1842.2056	1380.1516	1985.6085	1159.2014	1524.7874	1941.627	1811.4368	 	1027.335	709.3033	751.3022	1804.0652	673.1672	210.6652
139.9685	1749.794	1420.1111	1912.6168	1135.7021	1524.5964	1867.0919	1775.3357	 	985.5701	640.4224	711.734	1739.3419	616.4089	159.7694
141.2975	1701.1478	1509.4408	1907.97	1142.1301	1605.2324	1779.2398	1612.9411	 	940.6483	602.8921	671.0294	1684.6238	557.9485	120.2904
142.6264	1623.8441	1488.3427	1989.194	1186.0503	1660.5536	1809.5357	1635.6276	 	879.1268	589.3749	643.1155	1647.1296	515.3095	94.637
143.9554	1554.792	1557.9454	2069.9455	1162.6452	1679.8526	1880.7828	1717.5625	 	845.708	547.6113	595.9715	1626.3164	480.8484	75.1839
145.2843	1525.8821	1547.8016	2110.2524	1229.7402	1753.55	1928.4691	1822.9352	 	856.771	513.6044	572.3379	1595.4827	446.7682	53.4093
146.6133	1498.7377	1523.1533	2145.6914	1390.3473	1814.4334	1890.7536	1879.4007	 	826.2578	503.9045	570.0192	1561.2087	414.5179	37.0927
147.9422	1499.9046	1522.2898	2141.4958	1353.2568	1852.256	1915.6155	1769.4171	 	803.6577	487.1987	554.0679	1550.9141	402.9595	37.9033
149.2712	1509.0272	1611.9815	2123.3214	1327.672	1798.375	1937.9338	1702.2016	 	799.6281	472.6934	539.0236	1539.6742	395.287	36.0703
150.6001	1481.5233	1614.2356	2174.1422	1362.9962	1746.5796	1875.6164	1802.8474	 	794.5184	468.7115	538.2231	1505.772	378.0349	28.6736
151.9291	1440.9772	1541.6984	2151.2643	1296.6713	1838.495	1962.6379	1863.1718	 	781.0082	461.199	519.4109	1488.9023	374.7892	25.9815
153.258	1411.9944	1530.4352	2155.4297	1267.6059	1847.8689	2070.9337	1803.1458	 	761.0329	469.5567	503.7609	1505.6903	369.1846	21.5484
154.587	1355.449	1596.4307	2096.0595	1347.3395	1735.9297	2207.9326	1746.766	 	760.8539	459.1135	507.1418	1499.0878	366.3586	22.0459
155.9159	1321.6284	1551.439	2017.537	1308.173	1742.1858	2261.4157	1681.2692	 	751.3145	470.8385	508.6849	1471.2624	376.6167	30.2183
157.2449	1314.3071	1464.6691	2025.5156	1246.9512	1728.6695	2247.1369	1708.9074	 	763.4025	476.263	513.8749	1474.6153	403.9101	27.457
158.5738	1288.0224	1455.9418	2071.8087	1201.1999	1608.6956	2060.7938	1734.8539	 	748.645	471.5839	507.0753	1476.6812	390.5937	28.153
159.9028	1288.6019	1446.9674	2091.1056	1148.482	1610.8412	2016.7546	1774.4125	 	741.641	471.2079	488.9928	1469.2072	396.8822	37.4947
161.2317	1305.8301	1435.2702	2208.9834	1186.2376	1677.146	2009.5012	1803.8455	 	730.9523	476.2988	484.1087	1475.544	385.9179	38.0139
162.5607	1372.7796	1387.0739	2193.6135	1280.2065	1684.7351	2155.4536	1853.7858	 	730.5711	482.5855	484.2805	1466.8347	394.9374	31.0191
163.8896	1476.7209	1400.1746	2131.4937	1314.1663	1599.7674	2216.2202	1854.0587	 	730.0004	496.8358	476.9077	1457.4614	415.6874	35.7319
165.2186	1633.2449	1442.773	2138.1236	1270.8771	1668.8392	2257.3703	1996.2227	 	736.1777	506.5083	472.9416	1455.9296	423.6956	37.1919
166.5475	1902.279	1492.5858	2106.2775	1291.7551	1723.313	2259.0092	2111.1876	 	753.3812	520.896	477.8059	1459.8992	433.7401	51.5369
167.8765	2283.6537	1546.0469	2069.3785	1366.7938	1739.8024	2134.9183	2030.8681	 	763.7407	536.1491	486.6572	1476.1462	446.7267	58.9264
169.2054	2783.656	1548.7979	2041.8977	1354.4808	1847.1388	2134.3859	1959.6823	 	775.3724	541.9095	497.4958	1476.4377	475.6372	66.7137
170.5344	3427.968	1498.2211	2027.4408	1296.2367	1960.3567	2104.7032	1896.9991	 	788.7651	551.0669	510.8282	1478.1342	484.1834	81.0413
171.8633	4137.2881	1539.9648	2018.9212	1226.7553	1921.2417	2125.3416	1906.8445	 	810.056	564.3054	515.0701	1500.198	500.3909	83.2748
173.1923	4859.9319	1573.4579	1998.0099	1251.2741	1911.6123	2048.1337	1962.0083	 	840.5242	578.7729	507.0921	1512.8496	522.7938	104.5104
174.5212	5620.5816	1495.026	1958.5217	1282.7617	1821.6793	1926.2774	1969.6899	 	851.5785	598.4978	519.3585	1529.6189	539.3508	116.1877
175.8502	6203.6193	1482.3916	2006.5673	1245.2378	1768.3673	1887.9932	1823.9024	 	869.9039	613.3697	526.9474	1516.5037	558.73	133.06
177.1791	6611.9379	1464.7578	2125.2694	1178.3451	1783.8909	1839.1752	1648.3541	 	906.6755	631.8909	530.1762	1551.4079	584.5979	147.9345
178.5081	6802.0881	1443.0405	2061.7313	1149.5736	1665.7796	1840.2677	1584.0442	 	919.1856	655.7909	537.6387	1559.4096	604.3218	162.1698
179.9053	6762.4216	1482.267	1924.3782	1150.4273	1572.3374	1851.1006	1634.895	 	948.1206	672.9275	568.1178	1576.7671	615.6003	168.8823
181.7515	6543.0222	1504.6683	1932.6475	1187.25	1523.8612	1845.9107	1675.6007	 	969.5299	691.102	565.0661	1597.1371	639.4024	178.4713
183.7252	6311.3073	1571.2556	1947.0421	1152.6393	1507.2514	1906.0519	1698.9639	 	980.4297	694.3168	559.3522	1616.5084	660.1939	183.4859
185.7094	5922.7786	1634.3991	1937.8723	1150.1342	1487.7092	1967.9153	1668.1026	 	998.3396	696.8878	546.8342	1593.9908	670.9164	186.283
187.6937	5407.4933	1754.5945	1880.8539	1161.8277	1502.6053	1922.891	1690.6656	 	1000.4337	716.4494	561.7608	1582.3815	686.4652	196.1697
189.6779	4906.7299	1822.3916	1868.6969	1257.2479	1500.6469	1831.955	1661.2266	 	1013.1786	738.7755	566.6474	1572.2821	698.4445	186.7758
191.6622	4398.6582	1851.9575	1805.3682	1317.9126	1569.037	1939.8308	1761.0657	 	1000.4346	735.8777	566.6521	1569.7901	701.5029	194.0565
193.6464	3923.7835	1927.9681	1798.0273	1318.96	1612.9605	2106.5811	1704.1092	 	999.7165	719.3606	560.1276	1568.1798	690.5945	195.2066
195.6307	3490.0444	1952.9431	1801.1934	1237.33	1666.8672	2158.6245	1744.1002	 	998.5531	730.2498	557.2346	1569.2685	698.1661	178.3895
197.615	3117.689	1999.0752	1892.7515	1251.1276	1604.9772	2244.8441	1851.1563	 	982.6593	721.6256	565.8297	1563.6565	680.4333	170.4109
199.5992	2810.6066	1894.6683	1947.3856	1234.0826	1649.3177	2236.1042	1842.0094	 	982.1749	705.1923	552.1102	1548.5347	673.1221	163.2304
201.5835	2595.393	1831.999	1919.0927	1265.2024	1655.7048	2163.5631	1768.0803	 	964.0834	715.7095	536.0527	1554.2921	681.9995	161.4373
203.5677	2481.7401	1846.4022	1882.4301	1270.2984	1680.3096	2035.8804	1769.6176	 	925.15	716.5819	539.6587	1553.0132	668.6363	160.0544
205.552	2416.4362	1881.6655	1817.5696	1255.6325	1674.3249	1938.5992	1846.57	 	903.3622	704.3681	521.848	1530.2369	645.6908	146.076
207.5362	2457.8484	1943.9247	1852.0757	1262.7568	1677.5027	1892.146	1890.985	 	887.0073	678.0626	524.0839	1475.2115	644.4597	120.7113
209.5205	2585.4386	1890.5439	1888.3569	1301.9617	1736.6734	1751.2992	1779.3681	 	855.0894	657.8539	512.394	1448.7077	623.7956	102.7787
211.5047	2813.4745	1830.6954	1847.3859	1219.7004	1685.4946	1795.7182	1700.3795	 	834.646	645.4754	501.888	1468.6015	605.9047	93.2637
213.489	3207.5941	1827.7139	1889.5355	1245.4188	1614.309	1759.8083	1694.1202	 	834.3017	635.1992	493.2326	1453.4299	580.9616	73.7695
215.4732	3712.1481	1765.4096	1932.5798	1293.764	1561.2921	1765.2843	1681.9813	 	814.3889	614.5618	478.976	1450.9167	573.6049	65.0547
217.4575	4353.0449	1721.4491	2065.5386	1294.5253	1544.2332	1769.107	1679.3675	 	813.2921	623.9308	476.5256	1434.5108	532.2695	55.0577
219.4417	5017.7418	1769.9698	2062.7207	1249.5159	1553.7266	1857.1783	1712.3021	 	791.3964	585.352	454.186	1414.3403	525.6187	47.6147
221.426	5672.2396	1760.5595	1936.2372	1236.7085	1538.5592	1845.4765	1897.9526	 	774.1176	563.771	456.6955	1401.3499	500.4975	43.4388
223.4102	6318.9424	1776.4314	1776.1836	1240.3477	1525.5194	1886.0959	1920.8029	 	760.5297	556.5953	464.9446	1387.3019	488.9219	35.2415
225.3945	6788.6401	1789.5103	1690.707	1258.0775	1505.978	1882.2517	1834.7979	 	768.7525	553.3384	458.7702	1374.4995	484.7298	32.5241
227.3787	7104.2718	1749.2287	1664.0103	1186.9404	1533.759	1943.5368	1870.9313	 	750.455	546.8128	439.8674	1363.837	468.3488	28.8519
229.363	7268.0195	1742.3042	1677.4325	1130.5389	1589.3993	1933.5861	1866.8877	 	739.313	532.3683	447.1503	1360.4033	437.7506	22.3305